[contact-bg.jpg]
filters=finetune2=1,0.257310,0.350877,0.000000,00000000,0.590643;
moddate=1e562ccdd487d101
width=1900
height=864
textactive=0
